12006680.921120
2830255.692268
20533337.927425
1606250.788034
478453.107780
5704276.885181
688722.319404
482149.178728
1907582.149681
113280.068368
4191448.221348
496336.477416
4189942.961010
1847604.860058
146307.804454
1168013.156010
1589788.764067
3150276.791937
407730.293125
123063.675944
2117883.063434
118146.902062
1183468.643287
4787933.448880
578599.914963
9577203.877904
409480.776423
1099155.155409
1744214.531095
1470357.877121
494927.993918
3469026.681146
5676259.565859
24969579.406556
465002.051314
14631836.120076
777311.890494
1288669.472234
454150.196860
10176564.218886
2684837.592006
7236648.230862
459920.416948
203631.189205
3453321.469466
10849824.105478
6563903.697256
344370.764932
994973.395914
1477646.465177
1527717.916860
227820.619724
4056923.975932
218428.822725
2127649.651903
352286.158563
5847261.061908
4574589.490735
2959992.307595
696373.939341
10985737.725743
4080276.676489
3985587.131864
318708.847215
345640.215683
2808035.407093
382786.626165
13829482.356547
656874.012233
905071.030934
267461.049057
252442.128855
344752.833831
1606705.665655
799551.136862
1960159.541499
854179.429601
10705114.564424
1947415.285521
3753806.478879
2219544.080841
7460089.660745
4392639.897743
8100485.183317
3009721.436380
310023.398558
432328.545515
931874.022731
443281.732364
1482277.622688
878696.429083
2237215.140475
2913503.688530
215670.645514
296780.317248
196898.471203
4728011.572646
1979467.116978
1152380.011079
543244.398053
1659536.423809
315417.164835
347058.256223
5756193.461811
6790620.055049
1080078.940585
2614823.092968
2730226.717217
260027.562749
645647.326892
6699483.375059
338743.252695
8310026.816537
3907646.891987
1555471.359132
760469.531238
532260.604689
2419686.792118
3747453.173207
1438643.874728
8533648.304376
1467817.839462
3825260.250774
169903.041234
723587.728492
3115464.730089
261584.079291
7606340.599455
1573530.415043
1604042.450924
757762.853983
9451775.589759
11604056.542723
181598.164837
152944.177082
722943.150211
11080703.006301
140503.401366
208338.995869
475541.224542
4300252.507075
2673517.286493
265194.731853
363288.603753
5173413.891389
133660.239340
241181.669482
3474209.914808
190449.224240
156256.607618
370064.342416
134220.783639
239951.344272
1259549.392307
8208463.509705
741560.849460
9062747.498690
5472906.996554
3092421.318628
10360095.522724
1974250.033544
14611944.907427
5368711.728727
557256.883067
1031115.909140
18359015.200987
65933.466112
2302910.855592
1118644.848470
4044766.833453
1156866.226130
1377099.693105
3982141.599007
1278235.800780
5428835.031206
5490632.509012
15069680.995885
415755.516701
550880.800868
2270123.489236
2108502.671301
190139.863181
3336671.732091
1027386.001879
8822997.154665
370248.906242
33143232.066762
536999.903977
27703716.910989
1133061.368034
2084320.339729
3286606.381533
382749.185683
1150360.265371
697041.356341
510533.152324
9408282.465708
305386.178658
4349860.616807
313809.952156
613128.485110
20716549.900331
4361855.995603
73637.421014
15670789.728056
442686.632136
19690329.156008
5697071.269056
1225384.262899
15588563.201974
1820514.241375
1797321.038623
1043757.125219
472016.305448
178654.301164
815154.618192
15194412.292861
3139688.733943
195776.416940
1226148.542651
8752807.574814
8848251.419813
568163.078867
334655.149911
9110866.370023
180511.910779
4498264.909444
271911.872983
2253159.747437
1806205.481844
111587.809984
132190.217398
2599785.417766
6821629.767753
5021400.348269
16364557.762369
360258.943463
1367673.738374
257844.282071
562241.022509
317164.797031
958118.579888
2180951.621198
654590.368140
13314328.748431
5726221.946673
11603548.562486
142528.269814
401315.184475
3277728.065897
